10 - 18:29	25,0	0,0
10 - 18:30	25,0	0,0
10 - 18:30	25,0	0,0
10 - 18:30	25,0	0,0
10 - 18:30	25,0	0,0
10 - 18:30	25,0	0,0
10 - 18:30	25,0	0,0
10 - 18:30	25,0	0,0
10 - 18:30	25,0	0,0
10 - 18:30	25,0	0,0
10 - 18:30	25,0	0,0
10 - 18:30	25,0	0,0
10 - 18:31	25,0	0,0
10 - 18:31	25,0	0,0
10 - 18:31	25,0	0,0
10 - 18:31	25,0	0,0
11 - 10:17	20,0	0,0
11 - 10:17	20,0	0,0
11 - 10:17	20,0	0,0
11 - 10:17	21,0	0,0
11 - 10:17	20,0	0,0
11 - 10:17	20,0	0,0
11 - 10:17	20,0	0,0
11 - 10:17	20,0	0,0
11 - 10:17	20,0	0,0
11 - 10:17	21,0	0,0
11 - 10:17	21,0	0,0
11 - 10:18	20,0	0,0
11 - 10:18	20,0	0,0
11 - 10:18	20,0	0,0
11 - 10:18	20,0	0,0
11 - 10:18	20,0	0,0
11 - 10:18	20,0	0,0
11 - 10:21	20,0	0,0
11 - 10:21	20,0	0,0
11 - 10:21	20,0	0,0
11 - 10:21	20,0	0,0
11 - 10:21	20,0	0,0
11 - 10:21	20,0	0,0
11 - 10:21	20,0	0,0
11 - 10:21	20,0	0,0
11 - 10:21	20,0	0,0
11 - 10:22	20,0	0,0
11 - 10:34	20,2	64,6
11 - 10:34	20,1	64,7
11 - 10:34	20,2	64,6
11 - 10:34	20,2	64,7
11 - 10:34	20,2	64,7
11 - 10:35	20,2	64,6
11 - 10:35	20,0	0,0
11 - 10:35	20,0	0,0
11 - 10:35	20,0	0,0
11 - 10:35	20,0	0,0
11 - 10:35	20,0	0,0
11 - 10:35	20,0	0,0
11 - 10:35	20,0	0,0
11 - 10:35	20,0	0,0
11 - 10:36	20,0	0,0
11 - 10:36	20,0	0,0
11 - 10:38	20,3	64,5
11 - 10:39	20,3	64,5
11 - 10:39	20,4	64,5
11 - 10:39	20,4	64,3
11 - 10:39	20,4	64,2
11 - 10:39	20,4	64,2
11 - 10:39	20,6	64,1
11 - 10:40	20,51	63,86
11 - 10:40	20,62	64,10
11 - 10:40	20,63	63,90
11 - 10:40	20,57	64,03
11 - 10:40	20,62	63,94
11 - 10:40	20,89	63,75
11 - 10:40	20,60	63,72
11 - 10:40	20,51	63,70
11 - 10:41	20,47	63,76
11 - 10:41	20,58	63,75
11 - 10:41	20,58	63,74
11 - 10:41	20,59	63,68
11 - 10:41	20,59	63,63
11 - 10:42	20,59	63,63
11 - 10:43	20,53	63,64
11 - 10:44	20,57	63,76
11 - 10:44	20,54	63,71
11 - 10:44	20,53	63,49
11 - 10:44	20,66	63,72
11 - 10:44	20,75	63,53
11 - 10:44	20,71	63,56
11 - 10:44	21,97	63,12
11 - 10:44	20,94	63,35
11 - 10:44	20,63	63,48
11 - 10:44	20,68	63,56
11 - 10:44	20,57	63,82
11 - 10:44	20,59	63,60
11 - 10:44	20,67	63,68
11 - 10:44	20,69	63,68
11 - 10:44	20,69	63,69
11 - 10:44	20,64	63,71
11 - 10:44	20,62	63,67
11 - 10:44	20,75	63,70
11 - 10:44	20,60	63,86
11 - 10:44	20,63	63,87
11 - 10:44	20,80	63,69
11 - 10:45	20,65	63,78
11 - 10:45	20,64	63,69
11 - 10:45	20,67	63,61
11 - 10:45	20,58	63,50
11 - 10:45	20,60	63,37
11 - 10:45	20,69	63,45
11 - 10:45	20,62	63,64
11 - 10:45	20,62	63,49
11 - 10:45	20,65	63,54
11 - 10:45	20,62	63,40
11 - 10:45	20,61	63,35
11 - 10:46	20,63	63,47
11 - 10:46	20,60	63,39
11 - 10:46	20,67	63,43
11 - 10:46	20,63	63,39
11 - 10:46	20,66	63,24
11 - 10:46	20,69	63,27
11 - 10:46	20,67	63,37
11 - 10:46	20,65	63,13
11 - 10:46	20,70	63,32
11 - 10:46	20,87	63,29
11 - 10:46	20,71	63,39
11 - 10:46	20,71	63,36
11 - 10:47	20,70	63,32
11 - 10:47	20,70	63,29
11 - 10:47	20,71	63,30
11 - 10:47	20,72	62,97
11 - 10:47	20,76	62,94
11 - 10:47	20,76	63,04
11 - 10:48	20,72	62,87
11 - 10:48	20,80	62,96
11 - 10:48	20,76	63,04
11 - 10:48	20,79	63,07
11 - 10:48	20,78	63,07
11 - 10:48	20,69	63,11
11 - 10:48	20,77	63,17
11 - 10:48	20,79	63,06
11 - 10:48	20,79	63,12
11 - 10:48	20,83	63,04
11 - 10:48	20,73	63,10
11 - 10:48	20,77	63,06
11 - 10:49	20,74	63,13
11 - 10:49	20,76	63,28
11 - 10:49	20,80	63,19
11 - 10:49	20,79	63,15
11 - 10:49	20,80	63,25
11 - 10:49	20,80	66,63
11 - 10:49	20,80	66,76
11 - 10:49	20,75	65,43
11 - 10:49	20,68	64,64
11 - 10:49	20,71	64,14
11 - 10:49	20,68	63,71
11 - 10:49	20,70	63,73
11 - 10:50	20,75	63,71
11 - 10:50	20,72	63,69
11 - 10:50	-11,70	50,02
11 - 10:50	-11,70	50,02
11 - 10:51	21,55	65,59
11 - 10:51	21,53	64,13
11 - 10:51	21,74	63,24
11 - 10:51	21,36	62,74
11 - 10:52	21,41	62,44
11 - 10:52	21,21	62,37
11 - 10:52	21,14	62,37
11 - 10:52	20,64	62,70
11 - 10:52	21,08	62,63
11 - 10:52	20,92	62,94
11 - 10:52	20,80	63,04
11 - 10:52	20,77	63,29
11 - 10:52	22,00	61,47
11 - 10:52	21,98	61,60
11 - 10:52	21,93	61,75
11 - 10:52	21,89	61,92
11 - 10:53	21,83	62,02
11 - 10:53	21,78	62,18
11 - 10:53	21,73	62,27
11 - 10:53	21,68	62,40
11 - 10:53	21,62	62,53
11 - 10:53	21,59	62,70
11 - 10:53	21,50	62,77
11 - 10:53	21,48	62,87
11 - 10:53	21,41	62,99
11 - 10:53	21,38	63,11
11 - 10:53	21,34	63,25
11 - 10:53	21,31	63,29
11 - 10:54	21,26	63,45
11 - 10:54	21,19	63,59
11 - 10:54	21,13	63,67
11 - 10:54	21,11	63,77
11 - 10:54	21,05	63,88
11 - 10:54	21,01	64,01
11 - 10:54	20,96	64,09
11 - 10:54	20,93	64,13
11 - 10:54	20,88	64,25
11 - 10:54	20,84	64,32
11 - 10:54	20,76	64,37
11 - 10:54	20,75	64,50
11 - 10:55	20,72	64,57
11 - 10:55	20,68	64,66
11 - 10:55	20,68	64,69
11 - 10:55	20,64	64,77
11 - 10:55	20,62	64,78
11 - 10:55	20,61	64,82
11 - 10:55	20,60	64,93
11 - 10:55	20,57	64,99
11 - 10:55	20,53	65,00
11 - 10:55	20,54	65,04
11 - 10:55	20,49	65,13
11 - 10:56	20,51	65,10
11 - 10:56	20,46	65,19
11 - 10:56	20,45	65,20
11 - 10:56	20,46	65,16
11 - 10:56	20,42	65,22
11 - 10:56	20,40	65,23
11 - 10:56	20,40	65,27
11 - 10:56	20,36	65,21
11 - 10:56	20,35	65,34
11 - 10:56	20,34	65,35
11 - 10:56	20,33	65,29
11 - 10:56	20,31	65,42
11 - 10:57	19,29	67,27
11 - 10:57	19,45	66,91
11 - 10:57	19,40	66,98
11 - 10:57	19,32	67,03
11 - 10:57	19,38	66,98
11 - 10:57	19,40	67,00
11 - 10:57	19,41	67,03
11 - 10:57	19,44	66,91
11 - 10:57	19,42	67,16
11 - 10:57	19,39	67,00
11 - 10:57	19,38	67,12
11 - 10:57	19,31	67,20
11 - 10:58	19,42	67,16
11 - 10:58	19,28	67,25
11 - 10:58	19,41	67,43
11 - 10:58	19,48	70,85
11 - 10:58	19,55	72,43
11 - 10:58	19,47	71,00
11 - 10:58	19,60	69,51
11 - 10:58	19,47	68,63
11 - 10:58	19,56	67,86
11 - 10:58	19,54	67,64
11 - 10:58	19,58	67,22
11 - 10:58	19,47	67,26
11 - 10:59	19,52	67,10
11 - 10:59	19,46	66,98
11 - 10:59	19,46	66,95
11 - 10:59	19,82	66,97
11 - 10:59	19,69	66,97
11 - 10:59	19,57	67,00
11 - 10:59	19,57	67,06
11 - 10:59	19,46	67,05
11 - 10:59	19,71	67,12
15 - 09:09	17,80	61,60
15 - 09:09	17,97	61,48
15 - 09:10	17,80	61,49
15 - 09:10	17,72	61,49
15 - 09:10	17,82	61,37
15 - 09:10	17,80	61,48
15 - 09:10	17,82	61,43
15 - 09:10	17,81	61,39
15 - 09:10	17,99	61,34
15 - 09:10	17,86	61,45
15 - 09:10	17,90	61,44
15 - 09:11	18,26	60,97
15 - 09:12	18,46	62,07
15 - 09:12	18,40	61,95
15 - 09:12	18,63	60,92
15 - 09:12	18,97	60,93
15 - 09:12	19,18	59,22
15 - 09:12	19,39	57,82
15 - 09:12	19,52	56,82
15 - 09:12	19,25	56,51
15 - 09:12	19,78	55,81
15 - 09:12	19,87	55,43
15 - 09:12	19,95	55,08
15 - 09:12	20,02	54,79
15 - 09:13	20,28	54,55
15 - 09:13	20,06	54,47
16 - 09:48	18,57	69,57
16 - 09:48	18,76	68,08
16 - 09:48	18,54	67,02
16 - 09:48	18,74	66,33
16 - 12:09	18,96	69,16
16 - 12:09	18,85	69,57
16 - 12:09	19,02	72,59
16 - 12:09	18,99	71,06
16 - 12:09	19,06	69,57
16 - 12:09	19,06	68,18
16 - 12:10	19,05	67,37
16 - 12:10	18,98	66,75
16 - 12:10	19,08	66,45
16 - 12:10	19,07	66,40
16 - 12:10	19,06	66,36
16 - 12:10	19,06	66,28
16 - 12:10	19,00	66,21
16 - 12:10	19,06	66,09
16 - 12:10	19,07	65,84
16 - 12:10	18,97	65,91
16 - 12:10	18,94	65,92
16 - 12:10	18,93	65,97
16 - 12:11	19,03	65,84
16 - 12:11	18,97	65,88
16 - 12:11	19,07	65,86
16 - 12:11	18,96	65,92
16 - 12:11	18,98	65,89
16 - 12:11	19,06	65,76
16 - 12:11	19,04	65,83
16 - 12:11	19,06	65,62
16 - 12:11	19,09	65,58
16 - 12:11	19,06	65,59
16 - 12:11	19,01	65,56
16 - 12:12	19,13	65,44
16 - 12:12	19,11	65,50
16 - 12:12	19,16	65,40
16 - 12:12	19,14	65,48
16 - 12:12	19,17	65,57
16 - 12:12	19,19	65,42
16 - 12:12	19,13	65,43
16 - 12:12	19,18	65,37
16 - 12:12	19,15	65,33
16 - 12:12	19,23	65,34
16 - 12:12	19,25	65,31
16 - 12:13	19,23	65,35
16 - 12:13	19,23	65,22
16 - 12:13	19,29	65,23
16 - 12:13	19,24	65,21
16 - 12:13	19,25	65,17
16 - 12:13	19,12	65,26
16 - 12:13	19,20	65,20
16 - 12:13	19,25	65,15
16 - 12:13	19,28	65,26
16 - 12:13	19,26	65,34
16 - 12:13	19,27	65,15
16 - 12:13	19,33	65,18
16 - 12:14	19,33	65,37
16 - 12:14	19,27	65,84
16 - 12:14	19,35	65,80
16 - 12:14	19,37	65,64
16 - 12:14	19,36	65,38
16 - 12:14	19,40	65,29
16 - 12:14	19,40	65,16
16 - 12:14	19,37	64,21
16 - 12:14	19,41	64,95
16 - 12:14	19,29	65,00
16 - 12:14	19,28	64,88
16 - 12:14	19,40	65,03
16 - 12:15	19,35	64,87
16 - 12:15	19,42	65,07
16 - 12:15	19,31	64,90
16 - 12:15	19,46	64,84
16 - 12:15	19,43	64,97
16 - 12:15	19,45	64,90
16 - 12:15	19,33	64,95
16 - 12:15	19,43	64,83
16 - 12:15	19,46	64,87
16 - 12:15	19,33	64,87
16 - 12:15	19,46	64,75
16 - 12:16	19,44	64,81
16 - 12:16	19,41	64,78
16 - 12:16	19,47	64,87
16 - 12:16	19,48	64,82
16 - 12:16	19,43	64,80
16 - 12:16	19,46	64,78
16 - 12:16	19,49	64,79
16 - 12:16	19,48	64,64
16 - 12:16	19,50	64,71
16 - 12:16	19,35	64,67
16 - 12:16	19,52	64,66
16 - 12:16	19,51	64,56
16 - 12:17	19,44	64,68
16 - 12:17	19,41	64,58
16 - 12:17	19,52	64,69
16 - 12:17	19,46	64,66
16 - 12:17	19,53	64,58
16 - 12:17	19,54	64,58
16 - 12:17	19,55	64,55
16 - 12:17	19,50	64,70
16 - 12:17	19,50	64,56
16 - 12:17	19,50	64,64
16 - 12:17	19,54	64,62
16 - 12:17	19,46	64,63
16 - 12:18	19,54	64,58
16 - 12:18	19,52	64,56
16 - 12:18	19,57	64,64
16 - 12:18	19,57	64,51
16 - 12:18	19,52	64,50
16 - 12:18	19,57	64,44
16 - 12:18	19,55	64,57
16 - 12:18	19,60	64,48
16 - 12:18	19,60	64,36
16 - 12:18	19,59	64,39
16 - 12:18	19,82	64,32
16 - 12:19	19,60	64,31
16 - 12:19	19,59	64,42
16 - 12:19	19,61	64,44
16 - 12:19	19,51	64,60
16 - 12:19	19,62	64,53
16 - 12:19	19,62	64,47
16 - 12:19	19,62	64,30
16 - 12:19	19,86	64,47
16 - 12:19	19,64	64,47
16 - 12:19	19,64	64,33
16 - 12:19	19,65	64,29
16 - 12:19	19,58	64,19
16 - 12:20	19,64	64,18
16 - 12:20	19,58	64,24
16 - 12:20	19,63	64,40
16 - 12:20	19,66	64,40
16 - 12:20	19,63	64,41
16 - 12:20	19,60	64,26
16 - 12:20	19,64	64,17
16 - 12:20	19,62	64,12
16 - 12:20	19,51	64,12
16 - 12:20	19,57	64,15
16 - 12:20	19,61	64,14
16 - 12:20	19,63	64,14
16 - 12:21	19,66	64,11
16 - 12:21	19,68	64,11
16 - 12:21	19,55	64,03
16 - 12:21	19,63	64,02
16 - 12:21	19,55	64,07
16 - 12:21	19,62	64,04
16 - 12:21	19,66	63,99
16 - 12:21	19,66	63,98
16 - 12:21	19,66	63,92
16 - 12:21	19,64	63,95
16 - 12:21	19,64	64,03
16 - 12:22	19,67	64,05
16 - 12:22	19,65	64,03
16 - 12:22	19,64	64,08
