02 - 11:05	16,63	73,59
02 - 11:05	16,60	73,11
02 - 11:06	16,55	73,07
02 - 11:06	16,63	73,81
02 - 11:06	16,89	74,39
02 - 11:06	16,86	75,07
02 - 11:07	17,62	70,36
02 - 11:07	17,63	69,94
02 - 11:07	17,61	69,75
02 - 11:09	17,22	71,37
02 - 11:09	17,16	71,52
02 - 11:09	17,11	71,41
02 - 11:09	17,12	71,31
02 - 11:09	17,10	71,15
02 - 11:10	17,08	71,10
02 - 11:10	17,08	71,06
02 - 11:10	17,06	71,09
02 - 11:10	17,05	71,06
02 - 11:10	17,04	71,10
02 - 11:10	17,04	71,16
02 - 11:10	17,02	71,19
02 - 11:10	17,03	71,16
02 - 11:10	17,01	71,21
02 - 11:10	17,03	71,22
02 - 11:10	17,01	71,27
02 - 11:10	17,00	71,23
02 - 11:11	17,01	71,22
02 - 11:11	16,99	71,22
02 - 11:11	16,98	71,24
02 - 11:11	16,98	71,24
02 - 11:11	16,94	71,24
02 - 11:11	16,92	71,33
02 - 11:11	16,96	71,28
02 - 11:11	16,96	71,23
02 - 11:11	16,96	71,28
02 - 11:11	16,95	71,29
02 - 11:11	16,99	71,33
02 - 11:11	16,98	71,30
02 - 11:12	16,99	71,34
02 - 11:12	16,98	71,30
02 - 11:12	16,96	71,33
02 - 11:12	16,99	71,38
02 - 11:12	16,94	71,33
02 - 11:12	16,99	71,35
02 - 11:12	16,99	71,35
02 - 11:12	16,96	71,34
02 - 11:12	17,01	71,29
02 - 11:12	17,01	71,31
02 - 11:12	17,03	71,24
02 - 11:13	17,00	71,27
02 - 11:13	17,04	71,24
02 - 11:13	17,05	71,29
02 - 11:13	17,01	71,20
02 - 11:13	17,04	71,20
02 - 11:13	17,01	71,19
02 - 11:13	17,03	71,15
02 - 11:13	17,03	71,10
02 - 11:13	16,67	71,95
02 - 11:13	16,60	71,95
02 - 11:13	16,68	72,14
02 - 11:13	16,72	72,06
02 - 11:14	17,17	71,07
02 - 11:14	17,26	71,02
02 - 11:14	17,29	70,98
02 - 11:14	17,31	70,95
02 - 11:14	17,32	70,93
02 - 11:14	17,37	70,93
02 - 11:14	17,36	70,94
02 - 11:14	17,41	70,95
02 - 11:14	17,39	70,94
02 - 11:14	17,42	70,96
02 - 11:14	17,40	71,00
02 - 11:14	17,41	71,01
02 - 11:15	17,41	70,93
02 - 11:15	17,40	70,91
02 - 11:15	17,41	70,87
02 - 11:15	17,37	70,86
02 - 11:15	17,36	70,92
02 - 11:15	17,34	70,88
02 - 11:15	17,33	70,84
02 - 11:15	17,32	70,85
02 - 11:15	17,32	70,93
02 - 11:15	17,28	70,90
02 - 11:15	17,30	70,96
02 - 11:16	17,26	71,04
02 - 11:16	17,28	70,97
02 - 11:16	17,27	71,03
02 - 11:16	17,26	71,01
02 - 11:16	17,24	71,00
02 - 11:16	17,26	71,04
02 - 11:16	17,26	71,03
02 - 11:16	17,25	71,00
02 - 11:16	17,22	71,04
02 - 11:16	17,24	71,00
02 - 11:16	17,21	71,02
02 - 11:16	17,21	71,01
02 - 11:17	17,20	71,02
02 - 11:17	17,20	71,04
02 - 11:17	17,21	70,99
02 - 11:17	17,18	71,05
02 - 11:17	17,18	71,03
02 - 11:17	17,15	71,16
02 - 11:17	16,81	71,89
02 - 11:17	16,69	72,02
02 - 11:17	17,68	70,60
02 - 11:17	17,65	70,62
02 - 11:17	17,69	70,56
02 - 11:17	17,67	70,56
02 - 11:18	17,69	70,53
02 - 11:18	17,66	70,52
02 - 11:18	17,65	70,50
02 - 11:18	17,64	70,54
02 - 11:18	17,64	70,56
02 - 11:18	17,67	70,50
02 - 11:18	17,60	70,52
02 - 11:18	17,61	70,46
02 - 11:18	17,62	70,44
02 - 11:18	17,59	70,43
02 - 11:18	17,57	70,47
02 - 11:18	17,62	70,47
02 - 11:19	17,59	70,54
02 - 11:19	17,60	70,54
02 - 11:19	17,62	70,54
02 - 11:19	17,59	70,52
02 - 11:19	17,62	70,50
02 - 11:19	17,60	70,45
02 - 11:19	17,59	70,45
02 - 11:19	17,60	70,43
02 - 11:19	17,58	70,46
02 - 11:19	17,58	70,50
02 - 11:19	17,54	70,49
02 - 11:20	17,57	70,46
02 - 11:20	17,57	70,51
02 - 11:20	17,59	70,45
02 - 11:20	17,59	70,48
02 - 11:20	17,54	70,51
02 - 11:20	17,54	70,51
02 - 11:20	17,54	70,51
02 - 11:20	17,55	70,52
02 - 11:20	17,52	70,52
02 - 11:20	17,52	70,52
02 - 11:20	17,53	70,49
02 - 11:20	17,52	70,49
02 - 11:21	17,52	70,51
02 - 11:21	17,54	70,53
02 - 11:21	17,55	70,51
02 - 11:21	17,54	70,53
02 - 11:21	17,49	70,55
02 - 11:21	17,52	70,51
02 - 11:21	17,50	70,45
02 - 11:21	17,49	70,55
02 - 11:21	17,45	70,59
02 - 11:21	17,42	70,59
02 - 11:21	17,42	70,65
02 - 11:21	17,38	70,64
02 - 11:22	17,36	70,68
02 - 11:22	17,36	70,69
02 - 11:22	17,30	70,72
02 - 11:22	17,27	70,74
02 - 11:22	17,27	70,76
02 - 11:22	17,24	70,68
02 - 11:22	17,23	70,75
02 - 11:22	17,25	70,77
02 - 11:22	17,23	70,80
02 - 11:22	17,22	70,86
02 - 11:22	17,12	70,88
02 - 11:22	16,72	71,93
02 - 11:23	16,69	71,95
02 - 11:23	17,40	70,92
02 - 11:23	17,53	70,86
02 - 11:23	17,58	70,77
02 - 11:23	17,58	70,65
02 - 11:23	17,64	70,56
02 - 11:23	17,63	70,48
02 - 11:23	17,63	70,50
02 - 11:23	17,65	70,52
02 - 11:23	17,67	70,53
02 - 11:23	17,66	70,52
02 - 11:24	17,64	70,49
02 - 11:24	17,60	70,42
02 - 11:24	17,61	70,29
02 - 11:24	17,59	70,29
02 - 11:24	17,57	70,30
02 - 11:24	17,57	70,36
02 - 11:24	17,54	70,36
02 - 11:24	17,57	70,34
02 - 11:24	17,59	70,37
02 - 11:24	17,55	70,42
02 - 11:24	17,54	70,46
02 - 11:24	17,51	70,45
02 - 11:32	17,69	70,21
02 - 11:32	17,81	70,17
02 - 11:32	17,85	70,45
02 - 11:32	17,83	70,49
02 - 11:32	17,82	70,53
02 - 11:32	17,82	70,59
02 - 11:32	17,77	70,67
02 - 11:32	17,80	70,74
02 - 11:32	17,85	70,77
02 - 11:32	17,79	70,88
02 - 11:33	17,86	70,88
02 - 11:33	17,83	70,87
02 - 11:33	17,85	70,87
02 - 11:33	17,86	70,94
02 - 11:33	17,85	70,97
02 - 11:33	17,82	70,98
02 - 11:33	17,87	71,01
02 - 11:33	17,89	71,07
02 - 11:33	17,86	71,09
02 - 11:33	17,87	71,03
02 - 11:33	17,89	71,00
02 - 11:34	17,89	70,95
02 - 11:34	-40,00	0,00
02 - 11:35	-40,00	0,00
02 - 11:35	-40,00	0,00
02 - 11:35	-40,00	0,00
02 - 11:35	-40,00	0,00
02 - 11:36	-40,00	0,00
02 - 11:36	-40,00	0,00
02 - 11:36	-40,00	0,00
02 - 11:37	-40,00	0,00
02 - 11:37	-40,00	0,00
02 - 11:37	-40,00	0,00
02 - 11:37	-40,00	0,00
02 - 11:37	-40,00	0,00
02 - 11:38	-40,00	0,00
02 - 11:38	-40,00	0,00
02 - 11:38	-40,00	0,00
02 - 11:38	-40,00	0,00
02 - 11:39	-40,00	0,00
02 - 11:39	-40,00	0,00
02 - 11:39	-40,00	0,00
02 - 11:39	-40,00	0,00
02 - 11:39	-40,00	0,00
02 - 11:40	-40,00	0,00
02 - 11:40	-40,00	0,00
02 - 11:40	-40,00	0,00
02 - 11:40	-40,00	0,00
02 - 11:41	-40,00	0,00
02 - 11:41	-40,00	0,00
02 - 11:41	-40,00	0,00
02 - 11:41	-40,00	0,00
02 - 11:42	-40,00	0,00
02 - 11:42	-40,00	0,00
02 - 11:42	-40,00	0,00
02 - 11:42	-40,00	0,00
02 - 11:43	-40,00	0,00
02 - 11:43	-40,00	0,00
02 - 11:43	-40,00	0,00
02 - 11:43	-40,00	0,00
02 - 11:44	-40,00	0,00
02 - 11:44	-40,00	0,00
02 - 11:44	-40,00	0,00
02 - 11:44	-40,00	0,00
02 - 11:45	-40,00	0,00
02 - 11:45	-40,00	0,00
02 - 11:45	-40,00	0,00
02 - 11:45	-40,00	0,00
02 - 11:46	-40,00	0,00
02 - 11:46	-40,00	0,00
02 - 11:46	-40,00	0,00
02 - 11:46	-40,00	0,00
02 - 11:47	-40,00	0,00
02 - 11:47	-40,00	0,00
02 - 11:47	-40,00	0,00
02 - 11:47	-40,00	0,00
02 - 11:48	-40,00	0,00
02 - 11:48	-40,00	0,00
02 - 11:48	-40,00	0,00
02 - 11:48	-40,00	0,00
02 - 11:49	-40,00	0,00
02 - 11:49	-40,00	0,00
02 - 11:49	-40,00	0,00
02 - 11:49	-40,00	0,00
02 - 11:50	-40,00	0,00
02 - 11:50	-40,00	0,00
02 - 11:50	-40,00	0,00
02 - 11:50	-40,00	0,00
02 - 11:51	-40,00	0,00
02 - 11:51	-40,00	0,00
02 - 11:51	-40,00	0,00
02 - 11:51	-40,00	0,00
02 - 11:51	-40,00	0,00
02 - 11:52	-40,00	0,00
02 - 11:52	-40,00	0,00
02 - 11:52	-40,00	0,00
02 - 11:52	-40,00	0,00
02 - 11:53	-40,00	0,00
02 - 11:53	-40,00	0,00
02 - 11:53	-40,00	0,00
02 - 11:53	-40,00	0,00
02 - 11:54	-40,00	0,00
02 - 11:54	-40,00	0,00
02 - 11:54	-40,00	0,00
02 - 11:54	-40,00	0,00
02 - 11:55	-40,00	0,00
02 - 11:55	-40,00	0,00
02 - 11:55	-40,00	0,00
02 - 11:55	-40,00	0,00
02 - 11:56	-40,00	0,00
02 - 11:56	-40,00	0,00
02 - 11:56	-40,00	0,00
02 - 11:56	-40,00	0,00
02 - 11:57	-40,00	0,00
02 - 11:57	-40,00	0,00
02 - 11:57	-40,00	0,00
02 - 11:57	-40,00	0,00
02 - 11:58	-40,00	0,00
02 - 11:58	-40,00	0,00
02 - 11:58	-40,00	0,00
02 - 11:58	-40,00	0,00
02 - 11:59	-40,00	0,00
02 - 11:59	-40,00	0,00
02 - 11:59	-40,00	0,00
02 - 11:59	-40,00	0,00
02 - 12:00	-40,00	0,00
02 - 13:08	17,25	70,91
02 - 13:08	17,30	70,42
02 - 13:09	17,15	70,40
02 - 13:09	17,11	70,56
02 - 13:09	17,17	70,39
02 - 13:09	17,16	70,54
02 - 13:10	17,13	70,59
02 - 13:10	17,12	70,62
02 - 13:10	17,17	70,50
02 - 13:10	17,05	70,61
02 - 13:11	17,05	70,54
02 - 13:11	17,17	70,63
02 - 13:11	17,19	70,56
02 - 13:11	17,17	70,62
02 - 13:12	17,43	70,57
02 - 13:12	17,19	70,68
02 - 13:12	17,23	70,46
02 - 13:12	17,22	70,39
02 - 13:13	17,16	70,30
02 - 13:13	17,19	70,47
02 - 13:13	17,32	70,43
02 - 13:13	17,10	70,72
02 - 13:14	17,14	70,77
02 - 13:14	17,41	70,64
02 - 13:14	17,23	70,64
02 - 13:14	17,17	70,67
02 - 13:15	17,21	70,42
02 - 13:15	17,18	70,22
02 - 13:15	17,32	70,24
02 - 13:15	17,21	70,27
02 - 13:16	17,13	70,36
02 - 13:16	17,25	70,49
02 - 13:16	17,20	70,57
02 - 13:16	17,23	70,50
02 - 13:17	17,15	70,20
02 - 13:17	17,23	70,28
02 - 13:17	17,21	70,29
02 - 13:17	17,39	70,19
02 - 13:17	17,20	70,18
02 - 13:18	17,19	70,26
02 - 13:18	17,17	70,29
02 - 13:18	17,25	70,26
02 - 13:18	17,24	70,29
02 - 13:19	17,23	70,50
02 - 13:19	17,19	70,16
02 - 13:19	17,23	70,11
02 - 13:19	17,24	70,20
02 - 13:20	17,28	70,14
02 - 13:20	17,43	70,15
02 - 13:20	17,22	70,23
02 - 13:20	17,24	70,25
02 - 13:21	17,23	70,28
02 - 13:21	17,24	70,24
02 - 13:21	17,24	70,30
02 - 13:21	17,25	70,16
02 - 13:22	17,25	70,23
02 - 13:22	17,28	70,21
02 - 13:22	17,29	70,07
02 - 13:23	17,27	70,12
02 - 13:23	17,17	70,14
02 - 13:23	17,21	70,21
02 - 13:23	17,37	70,39
02 - 13:24	17,32	70,26
02 - 13:24	17,29	69,97
02 - 13:24	17,28	69,95
02 - 16:19	16,80	73,26
02 - 16:26	17,0	0,0
02 - 16:26	17,0	0,0
02 - 16:26	17,0	0,0
02 - 16:26	17,0	0,0
02 - 16:27	17,0	0,0
02 - 16:27	17,0	0,0
02 - 16:27	17,0	0,0
02 - 16:27	17,0	0,0
02 - 16:28	17,0	0,0
02 - 16:35	17,00	0,00
02 - 16:35	17,00	0,00
02 - 16:37	17,47	70,98
02 - 16:38	17,28	70,96
02 - 16:38	17,26	70,93
02 - 16:38	17,31	70,93
02 - 16:38	17,30	70,88
02 - 16:39	17,56	70,73
02 - 16:39	17,35	70,74
02 - 16:39	17,51	70,58
02 - 16:39	17,43	70,58
02 - 16:40	17,35	70,47
02 - 16:40	17,61	70,49
02 - 16:40	17,40	70,48
02 - 16:41	17,39	70,54
02 - 16:41	17,42	70,56
02 - 16:41	17,56	70,44
02 - 16:41	17,39	70,50
02 - 16:42	17,44	70,54
02 - 16:42	17,46	70,40
02 - 16:42	17,58	70,36
02 - 16:42	17,64	70,37
02 - 16:43	17,67	70,30
02 - 16:43	17,62	70,44
02 - 16:43	17,48	70,38
02 - 16:43	17,50	70,40
02 - 16:44	17,46	70,29
02 - 16:44	18,19	69,91
02 - 16:44	17,70	70,16
02 - 16:44	17,52	70,19
02 - 16:45	17,67	70,17
02 - 16:45	17,52	70,22
02 - 16:45	17,59	70,02
02 - 16:45	17,59	69,85
02 - 16:46	17,61	70,03
02 - 16:46	17,56	70,03
02 - 16:46	18,28	69,69
02 - 16:46	17,69	69,97
02 - 17:03	18,26	68,94
02 - 17:04	18,25	68,80
02 - 17:04	18,26	68,71
02 - 17:04	18,25	68,68
02 - 17:04	18,23	68,66
02 - 17:05	18,25	68,68
02 - 17:05	18,23	68,64
02 - 17:05	18,25	68,64
02 - 17:05	18,24	68,61
02 - 17:06	18,19	68,70
02 - 17:07	18,29	68,50
02 - 17:08	18,32	68,59
02 - 17:08	18,30	68,49
02 - 17:08	18,35	68,49
02 - 17:08	18,32	68,48
02 - 17:09	18,35	68,44
02 - 17:09	18,36	68,52
02 - 17:09	18,35	68,44
02 - 17:09	18,37	68,47
02 - 17:10	18,37	68,47
02 - 17:10	18,36	68,45
02 - 17:10	18,40	68,39
02 - 17:10	18,38	68,44
02 - 17:11	18,44	68,46
02 - 17:11	18,38	68,49
02 - 17:11	18,41	68,46
02 - 17:11	18,41	68,43
02 - 17:12	18,46	68,44
02 - 17:12	18,46	68,39
02 - 17:12	18,48	68,35
02 - 17:12	18,49	68,37
02 - 17:13	18,53	68,33
02 - 17:13	18,54	68,32
02 - 17:13	18,53	68,33
02 - 17:13	18,54	68,30
02 - 17:14	18,54	68,29
02 - 17:14	18,60	68,25
02 - 17:14	18,64	68,17
02 - 17:14	18,69	68,12
02 - 17:14	18,68	68,04
02 - 17:15	18,72	68,00
02 - 17:15	18,71	67,95
02 - 17:15	18,75	67,89
02 - 17:15	18,72	67,96
02 - 17:16	18,74	67,97
02 - 17:16	18,80	67,88
02 - 17:16	18,80	67,92
02 - 17:16	18,83	67,83
02 - 17:17	18,82	67,82
02 - 17:17	18,82	67,82
02 - 17:17	18,84	67,88
02 - 17:17	18,87	67,86
02 - 17:18	18,89	67,82
02 - 17:18	18,95	67,73
02 - 17:18	18,96	67,62
02 - 17:18	18,93	67,63
02 - 17:19	18,94	67,64
02 - 17:19	18,92	67,66
02 - 17:19	18,90	67,68
02 - 17:19	18,91	67,70
02 - 17:20	18,92	67,68
02 - 17:20	18,92	67,68
02 - 17:20	18,91	67,68
02 - 17:20	18,91	67,71
02 - 17:21	18,91	67,72
02 - 17:21	18,83	67,74
02 - 17:21	18,91	67,70
02 - 17:21	18,89	67,73
02 - 17:22	18,86	67,76
02 - 17:22	18,88	67,80
02 - 17:22	18,87	67,79
02 - 17:22	18,87	67,89
02 - 17:23	18,89	67,82
02 - 17:23	18,84	67,90
02 - 17:23	18,83	67,88
02 - 17:23	18,83	67,91
02 - 17:23	18,79	67,84
02 - 17:24	18,82	67,82
02 - 17:24	18,68	67,97
02 - 17:24	18,75	67,92
02 - 17:24	18,71	67,95
02 - 17:25	18,78	67,82
02 - 17:25	18,78	67,86
02 - 17:25	18,72	68,01
02 - 17:25	18,15	68,63
02 - 17:26	17,85	69,52
02 - 17:26	17,89	69,45
02 - 17:26	17,86	69,46
02 - 17:26	18,06	69,38
02 - 17:27	17,83	69,38
02 - 17:27	17,91	69,48
02 - 17:27	18,09	69,49
02 - 17:27	17,81	69,47
02 - 17:28	17,82	69,68
02 - 17:28	17,87	69,53
02 - 17:28	17,88	69,56
02 - 17:28	17,86	69,51
02 - 17:29	17,86	69,49
02 - 17:29	17,90	69,42
02 - 17:29	17,88	69,43
02 - 17:29	17,87	69,41
02 - 17:30	17,86	69,44
02 - 17:30	17,93	69,42
02 - 17:30	17,92	69,47
02 - 17:30	17,90	69,37
02 - 17:31	17,86	69,43
02 - 17:31	17,93	69,41
02 - 17:31	17,94	69,33
02 - 17:31	17,87	69,38
02 - 17:32	17,88	69,44
02 - 17:32	17,85	69,26
02 - 17:32	17,85	69,45
02 - 17:32	17,94	69,47
02 - 17:33	17,85	69,50
02 - 17:33	17,90	69,39
02 - 17:33	17,89	69,37
02 - 17:33	17,90	69,35
02 - 17:33	17,92	69,29
02 - 17:34	17,92	69,35
02 - 17:34	17,85	69,42
02 - 17:34	18,03	69,38
02 - 17:34	17,88	69,44
02 - 17:35	17,94	69,41
02 - 17:35	17,93	69,57
02 - 17:35	17,89	69,56
02 - 17:35	17,92	69,47
02 - 17:36	19,15	68,99
02 - 17:36	18,15	69,44
02 - 17:36	17,88	69,43
02 - 17:36	17,89	69,52
02 - 17:37	17,88	69,51
02 - 17:37	17,94	69,46
02 - 17:37	17,89	69,48
02 - 17:37	17,81	69,56
02 - 17:38	17,88	69,59
02 - 17:38	17,85	69,47
02 - 17:38	17,86	69,49
02 - 17:38	18,02	69,42
02 - 17:39	17,85	69,56
08 - 11:15	-10,35	50,02
08 - 11:20	18,78	60,24
08 - 11:21	18,76	60,22
08 - 11:22	18,91	62,27
08 - 11:27	18,25	62,04
08 - 11:32	18,07	62,46
08 - 11:37	17,86	63,08
08 - 11:42	17,77	63,35
08 - 11:58	18,52	62,37
08 - 12:14	18,33	62,40
08 - 12:19	18,40	62,19
08 - 12:24	18,38	62,27
08 - 12:29	18,29	62,39
08 - 12:35	18,14	62,80
08 - 12:40	18,09	63,08
08 - 12:45	18,04	63,28
08 - 12:50	18,07	63,35
08 - 12:55	18,24	63,29
08 - 13:00	18,39	63,25
08 - 13:05	18,44	63,28
08 - 13:10	18,50	63,31
08 - 13:15	18,52	63,36
08 - 13:20	18,55	63,43
08 - 13:25	18,52	63,59
08 - 13:30	18,53	63,69
08 - 13:35	18,37	63,82
08 - 13:40	18,28	64,00
08 - 13:45	18,23	64,07
08 - 13:50	18,18	64,22
08 - 13:55	18,15	64,25
08 - 14:00	18,13	64,30
08 - 14:05	18,07	64,36
08 - 14:10	17,99	64,41
08 - 14:15	17,99	64,52
08 - 14:20	17,93	64,61
08 - 14:25	17,93	64,65
08 - 14:30	17,89	64,70
08 - 14:36	18,01	65,58
08 - 14:41	18,05	64,58
08 - 14:46	18,07	64,64
08 - 14:51	18,08	64,63
08 - 14:56	18,11	64,61
08 - 15:01	18,13	64,69
08 - 15:06	18,19	64,64
08 - 15:11	18,23	64,61
08 - 15:16	18,26	64,69
08 - 15:21	18,26	64,74
08 - 15:26	18,25	64,73
08 - 15:31	18,27	64,68
08 - 15:36	18,27	64,78
08 - 15:41	18,26	64,87
08 - 15:46	18,33	64,84
08 - 15:51	18,29	64,85
08 - 15:56	18,33	64,86
08 - 16:01	18,35	64,92
08 - 16:06	18,30	65,03
08 - 16:11	18,28	65,17
08 - 16:16	18,27	65,20
08 - 16:21	18,14	65,57
08 - 16:26	18,22	65,44
08 - 16:31	18,30	65,22
08 - 16:36	18,43	64,87
08 - 16:42	18,46	64,75
08 - 16:47	18,41	64,90
08 - 16:52	18,48	64,90
08 - 16:57	18,59	64,61
08 - 17:02	16,82	67,23
08 - 17:07	19,18	64,26
08 - 17:12	19,33	64,22
08 - 17:17	19,36	64,02
08 - 17:22	19,41	64,05
08 - 17:27	19,42	64,03
08 - 17:32	19,44	64,03
09 - 17:29	17,68	67,18
09 - 17:31	17,83	67,58
09 - 17:36	17,57	67,05
09 - 17:41	17,53	66,83
09 - 17:46	17,91	66,54
09 - 17:51	17,83	66,53
09 - 17:56	17,79	66,56
09 - 18:01	17,74	66,42
09 - 18:06	17,88	66,37
09 - 18:11	17,78	66,29
